Cycle
47.381179, -122.241316
47.382529, -122.240165
47.381179, -122.239014
47.379829, -122.240165
47.379829, -122.242467
47.381179, -122.243618
47.382529, -122.242467
47.383879, -122.241315
47.383879, -122.239013
Cycle
47.381179, -122.241316
47.382529, -122.240165
47.381179, -122.239014
47.379829, -122.240165
47.379829, -122.242467
47.381179, -122.243618
47.382529, -122.242467
47.383879, -122.241315
47.383879, -122.239013
47.382529, -122.237862
47.381179, -122.236711
47.379829, -122.237862
47.378479, -122.239013
47.378479, -122.241315
47.378479, -122.243617
47.379829, -122.244768
47.381179, -122.245919
47.382529, -122.244768
47.383879, -122.243617
Cycle
47.381179, -122.241316
47.382529, -122.240165
47.381179, -122.239014
47.379829, -122.240165
47.379829, -122.242467
47.381179, -122.243618
47.382529, -122.242467
47.383879, -122.241315
47.383879, -122.239013
47.382529, -122.237862
47.381179, -122.236711
47.379829, -122.237862
47.378479, -122.239013
47.378479, -122.241315
47.378479, -122.243617
47.379829, -122.244768
47.381179, -122.245919
47.382529, -122.244768
47.383879, -122.243617
Cycle
47.381179, -122.241316
47.382529, -122.240165
47.381179, -122.239014
47.379829, -122.240165
47.379829, -122.242467
47.381179, -122.243618
47.382529, -122.242467
47.383879, -122.241315
47.383879, -122.239013
47.382529, -122.237862
47.381179, -122.236711
47.379829, -122.237862
47.378479, -122.239013
47.378479, -122.241315
47.378479, -122.243617
47.379829, -122.244768
47.381179, -122.245919
47.382529, -122.244768
47.383879, -122.243617
Cycle
47.381179, -122.241316
47.382529, -122.240165
47.381179, -122.239014
47.379829, -122.240165
47.379829, -122.242467
47.381179, -122.243618
47.382529, -122.242467
47.383879, -122.241315
47.383879, -122.239013
47.382529, -122.237862
47.381179, -122.236711
47.379829, -122.237862
47.378479, -122.239013
47.378479, -122.241315
47.378479, -122.243617
47.379829, -122.244768
47.381179, -122.245919
47.382529, -122.244768
47.383879, -122.243617
Cycle
47.381179, -122.241316
47.382529, -122.240165
47.381179, -122.239014
47.379829, -122.240165
47.379829, -122.242467
47.381179, -122.243618
47.382529, -122.242467
47.383879, -122.241315
47.383879, -122.239013
47.382529, -122.237862
47.381179, -122.236711
47.379829, -122.237862
47.378479, -122.239013
47.378479, -122.241315
47.378479, -122.243617
47.379829, -122.244768
47.381179, -122.245919
47.382529, -122.244768
47.383879, -122.243617
Cycle
47.381179, -122.241316
47.382529, -122.240165
47.381179, -122.239014
47.379829, -122.240165
47.379829, -122.242467
47.381179, -122.243618
47.382529, -122.242467
47.383879, -122.241315
47.383879, -122.239013
47.382529, -122.237862
47.381179, -122.236711
47.379829, -122.237862
47.378479, -122.239013
47.378479, -122.241315
47.378479, -122.243617
47.379829, -122.244768
47.381179, -122.245919
47.382529, -122.244768
47.383879, -122.243617
Cycle
47.381179, -122.241316
47.382529, -122.240165
47.381179, -122.239014
47.379829, -122.240165
47.379829, -122.242467
47.381179, -122.243618
47.382529, -122.242467
47.383879, -122.241315
47.383879, -122.239013
47.382529, -122.237862
47.381179, -122.236711
47.379829, -122.237862
47.378479, -122.239013
47.378479, -122.241315
47.378479, -122.243617
47.379829, -122.244768
47.381179, -122.245919
47.382529, -122.244768
47.383879, -122.243617
Cycle
47.381179, -122.241316
47.382529, -122.240165
47.381179, -122.239014
47.379829, -122.240165
47.379829, -122.242467
47.381179, -122.243618
47.382529, -122.242467
47.383879, -122.241315
47.383879, -122.239013
47.382529, -122.237862
47.381179, -122.236711
47.379829, -122.237862
47.378479, -122.239013
47.378479, -122.241315
47.378479, -122.243617
47.379829, -122.244768
47.381179, -122.245919
47.382529, -122.244768
47.383879, -122.243617
Cycle
47.381179, -122.241316
47.382529, -122.240165
47.381179, -122.239014
47.379829, -122.240165
47.379829, -122.242467
47.381179, -122.243618
47.382529, -122.242467
47.383879, -122.241315
47.383879, -122.239013
47.382529, -122.237862
47.381179, -122.236711
47.379829, -122.237862
47.378479, -122.239013
47.378479, -122.241315
47.378479, -122.243617
47.379829, -122.244768
47.381179, -122.245919
47.382529, -122.244768
47.383879, -122.243617
Cycle
47.381179, -122.241316
47.382529, -122.240165
47.381179, -122.239014
47.379829, -122.240165
47.379829, -122.242467
47.381179, -122.243618
47.382529, -122.242467
47.383879, -122.241315
47.383879, -122.239013
47.382529, -122.237862
47.381179, -122.236711
47.379829, -122.237862
47.378479, -122.239013
47.378479, -122.241315
47.378479, -122.243617
47.379829, -122.244768
47.381179, -122.245919
47.382529, -122.244768
47.383879, -122.243617
Cycle
47.381179, -122.241316
47.382529, -122.240165
47.381179, -122.239014
47.379829, -122.240165
47.379829, -122.242467
47.381179, -122.243618
47.382529, -122.242467
47.383879, -122.241315
47.383879, -122.239013
47.382529, -122.237862
47.381179, -122.236711
47.379829, -122.237862
47.378479, -122.239013
47.378479, -122.241315
47.378479, -122.243617
47.379829, -122.244768
47.381179, -122.245919
47.382529, -122.244768
47.383879, -122.243617
Cycle
47.381179, -122.241316
47.382529, -122.240165
47.381179, -122.239014
47.379829, -122.240165
47.379829, -122.242467
47.381179, -122.243618
47.382529, -122.242467
47.383879, -122.241315
47.383879, -122.239013
47.382529, -122.237862
47.381179, -122.236711
47.379829, -122.237862
47.378479, -122.239013
47.378479, -122.241315
47.378479, -122.243617
47.379829, -122.244768
47.381179, -122.245919
47.382529, -122.244768
47.383879, -122.243617
Cycle
47.381179, -122.241316
47.382529, -122.240165
47.381179, -122.239014
47.379829, -122.240165
47.379829, -122.242467
47.381179, -122.243618
47.382529, -122.242467
47.383879, -122.241315
47.383879, -122.239013
47.382529, -122.237862
47.381179, -122.236711
47.379829, -122.237862
47.378479, -122.239013
47.378479, -122.241315
47.378479, -122.243617
47.379829, -122.244768
47.381179, -122.245919
47.382529, -122.244768
47.383879, -122.243617
Cycle
47.381179, -122.241316
47.382529, -122.240165
47.381179, -122.239014
47.379829, -122.240165
47.379829, -122.242467
47.381179, -122.243618
47.382529, -122.242467
47.383879, -122.241315
47.383879, -122.239013
47.382529, -122.237862
47.381179, -122.236711
47.379829, -122.237862
47.378479, -122.239013
47.378479, -122.241315
47.378479, -122.243617
47.379829, -122.244768
47.381179, -122.245919
47.382529, -122.244768
47.383879, -122.243617
Cycle
47.381179, -122.241316
47.382529, -122.240165
47.381179, -122.239014
47.379829, -122.240165
47.379829, -122.242467
47.381179, -122.243618
47.382529, -122.242467
47.383879, -122.241315
47.383879, -122.239013
47.382529, -122.237862
47.381179, -122.236711
47.379829, -122.237862
47.378479, -122.239013
47.378479, -122.241315
47.378479, -122.243617
47.379829, -122.244768
47.381179, -122.245919
47.382529, -122.244768
47.383879, -122.243617
Cycle
47.381179, -122.241316
47.382529, -122.240165
47.381179, -122.239014
47.379829, -122.240165
47.379829, -122.242467
47.381179, -122.243618
47.382529, -122.242467
47.383879, -122.241315
47.383879, -122.239013
47.382529, -122.237862
47.381179, -122.236711
47.379829, -122.237862
47.378479, -122.239013
47.378479, -122.241315
47.378479, -122.243617
47.379829, -122.244768
47.381179, -122.245919
47.382529, -122.244768
47.383879, -122.243617
Cycle
47.381179, -122.241316
47.382529, -122.240165
47.381179, -122.239014
47.379829, -122.240165
47.379829, -122.242467
47.381179, -122.243618
47.382529, -122.242467
47.383879, -122.241315
47.383879, -122.239013
47.382529, -122.237862
47.381179, -122.236711
47.379829, -122.237862
47.378479, -122.239013
47.378479, -122.241315
47.378479, -122.243617
47.379829, -122.244768
47.381179, -122.245919
47.382529, -122.244768
47.383879, -122.243617
Cycle
47.381179, -122.241316
47.382529, -122.240165
47.381179, -122.239014
47.379829, -122.240165
47.379829, -122.242467
47.381179, -122.243618
47.382529, -122.242467
47.383879, -122.241315
47.383879, -122.239013
47.382529, -122.237862
47.381179, -122.236711
47.379829, -122.237862
47.378479, -122.239013
47.378479, -122.241315
47.378479, -122.243617
47.379829, -122.244768
47.381179, -122.245919
47.382529, -122.244768
47.383879, -122.243617
Cycle
47.381179, -122.241316
47.382529, -122.240165
47.381179, -122.239014
47.379829, -122.240165
47.379829, -122.242467
47.381179, -122.243618
47.382529, -122.242467
47.383879, -122.241315
47.383879, -122.239013
47.382529, -122.237862
47.381179, -122.236711
47.379829, -122.237862
47.378479, -122.239013
47.378479, -122.241315
47.378479, -122.243617
47.379829, -122.244768
47.381179, -122.245919
47.382529, -122.244768
47.383879, -122.243617
Cycle
47.381179, -122.241316
47.382529, -122.240165
47.381179, -122.239014
47.379829, -122.240165
47.379829, -122.242467
47.381179, -122.243618
47.382529, -122.242467
47.383879, -122.241315
47.383879, -122.239013
47.382529, -122.237862
47.381179, -122.236711
47.379829, -122.237862
47.378479, -122.239013
47.378479, -122.241315
47.378479, -122.243617
47.379829, -122.244768
47.381179, -122.245919
47.382529, -122.244768
47.383879, -122.243617
Cycle
47.381179, -122.241316
47.382529, -122.240165
47.381179, -122.239014
47.379829, -122.240165
47.379829, -122.242467
47.381179, -122.243618
47.382529, -122.242467
47.383879, -122.241315
47.383879, -122.239013
47.382529, -122.237862
47.381179, -122.236711
47.379829, -122.237862
47.378479, -122.239013
47.378479, -122.241315
47.378479, -122.243617
47.379829, -122.244768
47.381179, -122.245919
47.382529, -122.244768
47.383879, -122.243617
Cycle
47.381179, -122.241316
47.382529, -122.240165
47.381179, -122.239014
47.379829, -122.240165
47.379829, -122.242467
47.381179, -122.243618
47.382529, -122.242467
47.383879, -122.241315
47.383879, -122.239013
47.382529, -122.237862
47.381179, -122.236711
47.379829, -122.237862
47.378479, -122.239013
47.378479, -122.241315
47.378479, -122.243617
47.379829, -122.244768
47.381179, -122.245919
47.382529, -122.244768
47.383879, -122.243617
Cycle
47.381179, -122.241316
47.382529, -122.240165
47.381179, -122.239014
47.379829, -122.240165
47.379829, -122.242467
47.381179, -122.243618
47.382529, -122.242467
47.383879, -122.241315
47.383879, -122.239013
47.382529, -122.237862
47.381179, -122.236711
47.379829, -122.237862
47.378479, -122.239013
47.378479, -122.241315
47.378479, -122.243617
47.379829, -122.244768
47.381179, -122.245919
47.382529, -122.244768
47.383879, -122.243617
Cycle
47.381179, -122.241316
47.382529, -122.240165
47.381179, -122.239014
47.379829, -122.240165
47.379829, -122.242467
47.381179, -122.243618
47.382529, -122.242467
47.383879, -122.241315
47.383879, -122.239013
47.382529, -122.237862
47.381179, -122.236711
47.379829, -122.237862
47.378479, -122.239013
47.378479, -122.241315
47.378479, -122.243617
47.379829, -122.244768
47.381179, -122.245919
47.382529, -122.244768
47.383879, -122.243617
Cycle
47.381179, -122.241316
47.382529, -122.240165
47.381179, -122.239014
47.379829, -122.240165
47.379829, -122.242467
47.381179, -122.243618
47.382529, -122.242467
47.383879, -122.241315
47.383879, -122.239013
47.382529, -122.237862
47.381179, -122.236711
47.379829, -122.237862
47.378479, -122.239013
47.378479, -122.241315
47.378479, -122.243617
47.379829, -122.244768
47.381179, -122.245919
47.382529, -122.244768
47.383879, -122.243617
Cycle
47.381179, -122.241316
47.382529, -122.240165
47.381179, -122.239014
47.379829, -122.240165
47.379829, -122.242467
47.381179, -122.243618
47.382529, -122.242467
47.383879, -122.241315
47.383879, -122.239013
47.382529, -122.237862
47.381179, -122.236711
47.379829, -122.237862
47.378479, -122.239013
47.378479, -122.241315
47.378479, -122.243617
47.379829, -122.244768
47.381179, -122.245919
47.382529, -122.244768
47.383879, -122.243617
Cycle
47.381179, -122.241316
47.382529, -122.240165
47.381179, -122.239014
47.379829, -122.240165
47.379829, -122.242467
47.381179, -122.243618
47.382529, -122.242467
47.383879, -122.241315
47.383879, -122.239013
47.382529, -122.237862
47.381179, -122.236711
47.379829, -122.237862
